3,2
3,1
3,3
10,282
10,284
10,190
10,80
10,210
10,276
10,262
10,280
11,15
11,19
9,4
9,6
8,17
8,6
8,11
8,2
8,3
37,5
37,4
37,3
37,2
37,1
37,0
35,4
35,3
35,2
35,1
35,0
34,5
34,4
34,3
34,2
34,1
34,0
32,4
32,3
32,2
32,1
32,0
31,5
31,4
31,3
31,2
31,1
31,0
28,5
28,4
28,3
28,2
28,1
28,0
20,3
20,2
20,1
19,3
19,2
19,1
12,3
12,2
12,1
11,28
11,27
11,24
11,23
11,20
11,18
11,17
11,16
11,12
11,11
11,10
11,7
11,6
11,5
11,3
11,2
11,1
10,297
10,287
18,1
10,265
18,3
10,263
10,243
14,1
10,237
14,3
10,223
13,1
10,215
13,3
10,209
10,197
10,189
10,165
10,115
